Test case 1

nums = [1,1,2]

p1 = 0
p2 = 0
cur

i   nums        p1  p2  curr
0   [1, 1, 2]   0   0         
0   [1, 1, 2]   1   1   1     Replace nums[p1] with nums[p2]

1   [1, 1, 2]   1   1   1     
1   [1, 2, 2]   2   2   2     Replace nums[p1] with nums[p2]

2   [1, 2, 2]   2   2   2     
2   [1, 2, 2]   2   3   2     Stop

==============================================================

Test case 2

nums = [0,0,1,1,1,2,2,3,3,4]

p1 = 0
p2 = 0
cur

i   nums                    p1  p2  curr
0   [0,0,1,1,1,2,2,3,3,4]   0   0         
0   [0,0,1,1,1,2,2,3,3,4]   1   1   0     Replace nums[p1] with nums[p2]

1   [0,0,1,1,1,2,2,3,3,4]   1   1   0     
1   [0,0,1,1,1,2,2,3,3,4]   1   2   0     

2   [0,0,1,1,1,2,2,3,3,4]   1   2   0     
2   [0,1,1,1,1,2,2,3,3,4]   2   3   1     Replace nums[p1] with nums[p2]

3   [0,0,1,1,1,2,2,3,3,4]   2   3   1     
3   [0,1,1,1,1,2,2,3,3,4]   2   4   1     

4   [0,0,1,1,1,2,2,3,3,4]   2   4   1     
4   [0,1,1,1,1,2,2,3,3,4]   2   5   1

5   [0,0,1,1,1,2,2,3,3,4]   2   5   1     
5   [0,1,1,1,1,2,2,3,3,4]   3   6   2     Replace nums[p1] with nums[p2]